1 4
1 2
1 2
1 4
3 4
1 4
1 3
1 4
3 4
1 4
1 2
1 4
3 4
1 2
1 3
3.99 4
1 2
1 4
1 4
1 4
1 2
1 4
1 4
1 4
1 4
1 4
3 4
1 4
1 4
1 2
1 4
1 4
1 4
1 4
1 4
3 4
3 4
1 4
1 4
3.99 4
3 4
1 4
1 2
1 4
3 4
1 4
3 4
1 2
1 4
1 4
1 4
1 4
1 2
3 4
1 4
1 4
1 4
1 2
1 4
1 4
1 4
1 4
1 1.99
1 4
3 4
1 4
1 4
1 4
1 4
1 2
3 4
1 4
1 4
1 4
1 4
1 4
3 4
3 4
2 4
1 4
1 4
3 4
1 4
1 2
1 4
1 4
1 2
3.99 4
1 4
1 3
1 4
3 4
3 4
1 3
1 1.99
1 2
1 4
1 4
1 4
1 4
1 4
1 4
1 4
1 2
1 4
3 4
1 2
1 2
1 2
1 4
1 4
1 4
1 1.99
1 4
1 4
1 4
1 2
1 3
3.99 4
1 4
3 4
1 4
1 4
3 4
1 2
1 4
3 4
1 4
1 4
1 4
1 4
1 4
1 4
